Error: N must be at least 2
lol
0 0 0
255 255 255
255 175 135
255 255 255
255
175
135
255
255
255
255 175 135
255 255 255
255 175 135
255 255 255
255 175 135
255 255 255
255 175 135
255 255 255
255 175 135
255 177 137
255 178 140
255 180 142
255 182 145
255 183 147
255 185 150
255 186 152
255 188 155
255 190 157
255 191 159
255 193 162
255 195 164
255 196 167
255 198 169
255 199 172
255 201 174
255 203 177
255 204 179
255 206 182
255 208 184
255 209 186
255 211 189
255 213 191
255 214 194
255 216 196
255 217 199
255 219 201
255 221 204
255 222 206
255 224 208
255 226 211
255 227 213
255 229 216
255 231 218
255 232 221
255 234 223
255 235 226
255 237 228
255 239 231
255 240 233
255 242 235
255 244 238
255 245 240
255 247 243
255 248 245
255 250 248
255 252 250
255 253 253
255 255 255


















































lol
255 175 135
lol
255 177 137
lol
255 178 140
lol
255 180 142
lol
255 182 145
lol
255 183 147
lol
255 185 150
lol
255 186 152
lol
255 188 155
lol
255 190 157
lol
255 191 159
lol
255 193 162
lol
255 195 164
lol
255 196 167
lol
255 198 169
lol
255 199 172
lol
255 201 174
lol
255 203 177
lol
255 204 179
lol
255 206 182
lol
255 208 184
lol
255 209 186
lol
255 211 189
lol
255 213 191
lol
255 214 194
lol
255 216 196
lol
255 217 199
lol
255 219 201
lol
255 221 204
lol
255 222 206
lol
255 224 208
lol
255 226 211
lol
255 227 213
lol
255 229 216
lol
255 231 218
lol
255 232 221
lol
255 234 223
lol
255 235 226
lol
255 237 228
lol
255 239 231
lol
255 240 233
lol
255 242 235
lol
255 244 238
lol
255 245 240
lol
255 247 243
lol
255 248 245
lol
255 250 248
lol
255 252 250
lol
255 253 253
lol
255 255 255
